function J=T(q,xi)
a=q(1);
b=q(2);
c=q(3);
t110 = -c - b;
t74 = -c + b;
t70 = c ^ 2 + t74 * b + (a + t110) * a;
t69 = t70 ^ 2;
t68 = t70 * t69;
t85 = xi ^ 2;
t89 = xi * t85;
t92 = t89 ^ 2;
t112 = t92 * t68;
t87 = t69 ^ 2;
t90 = t85 ^ 2;
t94 = t90 ^ 2;
t111 = t94 * t87;
t109 = xi * t112;
t108 = t68 * t94;
t91 = xi * t90;
t107 = t69 * t91;
t106 = t69 * t92;
t105 = t70 * t89;
t104 = t70 * t90;
t103 = t87 * t91 ^ 2;
t102 = xi * t111;
t101 = -0.4810558749e10 * t102 + 0.1264197531e5 * t105 - 0.1797969822e7 * t107 + 0.1217672683e9 * t109 - 0.2666666667e2 * xi;
t100 = -0.1282815667e11 * t103 + 0.8427983539e5 * t104 - 0.7990976985e7 * t106 + 0.4058908945e9 * t108 - 0.3555555556e3 * t85;
t76 = sqrt(0.3e1);
t99 = t76 * t101;
t71 = 0.45e0 + a - t110;
t98 = t71 * (-0.1603519583e9 * t103 + 0.1053497942e4 * t104 - 0.9988721231e5 * t106 + 0.5073636181e7 * t108 - 0.4444444444e1 * t85);
t73 = a + b - (2 * c);
t97 = t73 * t100;
t75 = a - b;
t72 = 0.2e1 * a + t110;
J = [0.1e1 / 0.2e1 + t72 * t97 (-t100 * t75 * t72 - 0.5000000000e0) * t76 -t101 * t72 t72 * t98; (t74 * t97 + 0.5000000000e0) * t76 0.1e1 / 0.2e1 + (0.3848447000e11 * t103 - 0.1217672683e10 * t108 + 0.2397293096e8 * t106 - 0.2528395062e6 * t104 + 0.1066666667e4 * t85) * t75 * t74 -t74 * t99 t76 * t74 * t98; t101 * t73 -t75 * t99 0.1e1 + 0.3371193416e6 * t90 * t69 - 0.3196390794e8 * t112 + 0.1623563578e10 * t111 + (-0.1422222222e4 * t85 - 0.5131262666e11 * t103) * t70 -0.15e0 * xi + (0.1522090854e7 * t109 - 0.2247462277e5 * t107 + 0.1580246914e3 * t105 - 0.6013198437e8 * t102) * t71 + 0.3333333333e0 * (-0.1e1 * a - 0.1e1 * b - 0.1e1 * c) * xi; 0 0 0 1;];

